74509114680000000 [1,20,31,41,143,5,120,124,328,715,7,186,205,80,62,574,1716]
8789789025239040000 [13,30,16,120,117,39,390,176,960,351,143,96,1404,156,210,32,240,1053]
2356148551680000 [7,44,70,82,159,28,220,910,328,35,264,630,1148,636,84,560,820,795]
25564306060800000 [2,3,43,64,87,18,39,387,448,609,20,6,258,640,870,559,1044]
147766655709590400 [17,49,6,63,138,119,588,84,441,1518,204,686,60,378,1932,30,552]
100370866176 [2,21,28,41,14,231,84,287,22,42,369,196,6,56,533,182]
988773008670720000 [8,13,20,57,45,112,60,228,630,48,143,260,684,450,32,100,342,180]
1080949309440 [2,43,61,22,52,6,473,793,308,676,28,366,286,208,12,610,364]
26587678839321600 [6,22,15,71,131,12,286,165,710,393,84,44,180,639,1441,36,264,135,994,917]
4724376015744000 [14,16,35,2,71,28,144,105,355,70,176,12,426,126,64,385,10]
188910375413760 [2,53,52,3,38,26,477,676,9,304,8,318,468,33,18,583,260,39,532]
772032135168000 [16,5,57,54,152,128,513,162,608,15,798,540,1216,112,25,684,594,760]
175602784896000 [16,40,15,67,131,48,400,165,335,1441,96,120,45,134,786,192,160,201,1834]
4526565120 [18,28,3,2,68,72,308,12,6,144,140,22,680,252,196,24,10,884]
201827925196800 [2,5,81,47,113,6,10,729,235,226,28,405,94,1356,20,1134,188]
142474235904000 [11,2,26,84,98,18,260,756,294,143,364,840,882,132,20,168,392]
122299032696422400 [14,24,70,63,76,182,72,350,756,760,168,240,910,189,152,196,140,504,228]
52917850685952 [1,42,32,56,38,14,126,416,504,494,12,160,784,342,9,616,304]
4360014397440 [2,24,39,15,147,22,168,312,195,1470,96,468,60,882,192,180,1323]
338900665958400 [7,16,51,47,121,98,160,102,94,605,56,128,611,21,176,561,141]
426717362304 [17,2,1,123,54,221,5,861,162,238,6,4,1107,108,204,738,540]
1960581760297205760 [8,27,61,66,118,32,81,427,708,80,270,793,858,236,40,108,488,826]
2299050864000 [2,29,83,6,134,20,174,996,36,938,10,319,830,30,4,58]
54131134740480000 [2,30,62,87,26,28,210,434,957,234,18,744,1044,208,24,390,248,286]
601952875315200 [3,51,89,61,72,15,178,366,576,24,102,890,122,432,9,408,712,244,216]
378769949194291200 [5,39,41,123,108,40,468,287,1230,648,25,312,451,861,1080,65,156,246,984,324]
22982879969280000 [17,27,48,8,100,85,297,528,40,400,34,216,576,200,204,162,336,1100]
134358884352000000 [11,40,44,70,46,99,400,528,980,92,143,240,132,552,77,616,560,322]
83622503790000 [14,37,10,50,57,56,74,200,228,84,518,110,300,171,70,30,600,114]
35753070409056000 [11,4,34,66,145,22,52,408,858,1885,16,68,660,1450,143,28,306,198,580]
128889402163200 [4,16,39,41,141,32,112,123,423,144,246,1692,12,128,492,987]
40797376426006272 [17,4,1,73,62,204,44,6,372,34,11,511,170,56,868]
314279066830772736 [7,37,21,47,97,56,259,231,94,1067,518,147,235,388,84,148,126,423,1261]
504113281523712 [12,9,58,106,99,60,348,1386,72,116,212,495,132,580,954,396]
121070370391326720 [18,12,4,78,148,180,168,20,1014,1036,162,48,36,312,1776,198,1092,888]
6741968519430144 [12,41,89,14,72,328,1157,84,648,132,410,356,168,864,492,801,126,216]
2569262080000000 [4,35,76,63,28,40,228,315,140,16,385,36,70,308]
364761400653619200 [11,2,28,43,74,44,112,301,592,99,18,308,559,740,55,336,86,1036]
6753999271219200 [13,33,68,12,94,65,132,168,376,182,462,272,120,470,952,84,752]
3079258878246912 [8,23,20,116,93,32,92,160,1044,837,96,46,220,232,279,276,200,348,930]
141752366442086400 [11,6,41,104,48,110,30,533,416,384,12,82,1248,624,33,240]
873698918400000 [3,19,80,108,57,24,171,160,756,228,21,400,324,285,209,640,1404,741]
27934184678400000 [11,23,22,104,75,110,253,176,1248,375,46,308,600,154,299,936,300]
1383228059655602176 [16,19,27,80,69,208,95,243,560,966,224,266,720,552,176,81,1040,207]
40831674912000000 [2,45,70,123,103,4,180,840,1107,927,12,280,984,618,22,225,490,369,721]
139822363296000 [9,29,31,90,44,54,87,124,990,88,81,145,186,540,348,630,572]
11143604699136 [1,26,33,32,126,14,104,132,352,378,13,286,198,64,252,8,234,416,1638]
1077105223434240 [8,21,66,26,147,112,63,858,156,1176,231,726,1029,24,105,594,130,2058]
1190216208384000 [4,38,60,94,111,52,76,660,564,555,28,304,780,188,888,16,266,999]
112578304514457600 [16,51,5,56,74,112,204,45,504,962,176,612,50,616,592,208,561,70,168,296]
420698197766246400 [13,11,33,115,68,39,132,99,1035,408,130,396,460,952,143,22,230]
166365472553280000 [18,34,31,115,85,108,170,372,1190,374,341,1150,144,68,403,1495,765]
89003586672000 [11,43,70,45,35,132,86,700,450,210,602,405,175,143,258,840,455]
997091692550553600 [13,18,33,48,105,78,180,297,576,420,143,72,429,525,39,234]
1802661610661683200 [8,47,79,33,73,48,316,132,511,16,141,237,363,876,517,429,292]
45307641600000 [15,32,83,65,26,120,96,415,208,90,498,780,182,150,1162,156]
24664500000 [1,40,18,87,81,2,320,180,261,162,5,200,72,348,486,240,216,174,648]
1104240743424000 [14,53,4,91,71,196,636,12,728,852,112,583,16,910,710,126,424,40,568]
6965703475200 [18,7,12,2,25,234,35,132,8,275,198,63,144,90,72,4,350]
5597640958694400 [6,33,15,4,146,78,99,105,44,584,30,165,90,8,438,12,231,1898]
688183166361600 [9,32,4,124,74,81,416,56,1240,370,36,192,16,992,148,352,1116,222]
14875997939712000 [16,28,34,110,10,208,364,306,660,90,32,442,1320,80,196,170,440,20]
189012679704576000 [1,28,13,35,84,7,56,169,70,1092,6,336,156,210,756,2,140,65,105,1176]
6016095890767872 [14,19,39,4,156,112,133,117,56,312,98,507,1716,154,228,546,12,1248]
5571975135849408 [14,39,19,52,91,196,190,312,1001,182,247,260,429,57,416,1183]
40151527868390400 [4,49,20,53,145,36,245,240,212,1885,44,196,1595,12,636,870]
471947909529600 [18,7,32,104,153,180,63,320,208,1989,216,448,1248,765,72,14,352,728,918]
2060090081280000 [4,32,15,84,42,24,64,150,588,336,36,352,45,168,462,20,448,75,1176]
43589499408000 [13,39,50,112,9,195,700,1120,99,143,78,560,63,65,400,18]
3334642795008000 [13,3,15,122,43,104,21,60,854,86,156,12,210,1220,172,117,180,1098,602]
765754903852646400 [2,44,89,85,159,28,88,712,935,318,16,264,1246,255,1749,10,132,1068,170]
308237529600000 [7,6,65,110,4,650,1540,40,84,1100,35,54,715,660,16]
412165294732800 [1,32,14,109,155,7,96,42,654,1240,12,416,763,465,5,182,872,1860]
1062893683860712704 [8,24,69,87,143,240,138,870,572,72,276,1573,32,120,783,1144]
92454207753600 [19,48,33,59,115,76,528,198,295,624,413,1035,133,192,462]
1686085632000 [3,22,5,92,14,12,154,40,460,28,24,176,65,1012,196,6,70,276]
38015144337600 [6,1,19,8,83,36,152,56,24,12,76,5,88,1079]
1024151902617600 [9,48,79,16,67,36,672,869,128,126,432,1027,32,201,144,1106,96,871]
92065807975680 [12,7,43,27,13,72,77,473,243,52,24,56,430,54,130,21,387,324,182]
353207876313600 [3,7,55,68,126,24,91,550,612,1512,36,63,660,204,630,6,77,136]
3537301629204000 [4,14,66,90,151,8,462,84,528,540,755,36,924,1359]
178251300864000 [2,30,32,46,41,28,448,276,574,26,390,128,138,123,20,270,320,598,246]
4844785789164340800 [16,41,69,73,33,96,328,897,657,132,64,410,759,438,165,192,164,414,803,396]
278347465600588800 [17,41,62,117,153,85,205,682,1287,306,68,451,186,1170,918,170,612]
4134652368537600 [11,15,52,6,72,88,150,520,60,216,44,105,208,24,288,154,90,84]
34803529807500000 [18,5,58,114,145,180,45,232,1026,1015,126,65,406,912,725,754,1482,1160]
166571426875392000 [19,38,70,92,116,152,76,770,1104,464,266,494,920,228,114,280,1276]
1986419823379200 [13,19,47,121,3,130,76,329,847,15,169,95,517,968,30,228,363,42]
4104119021184000 [17,39,30,13,115,119,273,90,52,1265,51,546,230,170,390,120,130,1035]
279222599821777920 [3,35,68,11,132,27,140,340,154,1452,36,315,408,77,15,210,816,55,792]
181633587609600 [1,40,67,24,89,9,938,96,1157,4,120,469,623,280,201,288,890]
1552421317386240 [17,21,68,42,56,51,252,816,588,448,204,126,136,420,153,231,340,168,616]
9072174198894206464 [5,19,66,105,137,70,76,528,945,1918,50,210,548,247,264,1470,1370]
12117532119428736 [7,1,22,6,117,98,8,264,36,1404,28,4,54,49,154,12,1638]
4053715816550400 [12,13,66,56,107,36,156,594,336,749,84,660,963,143,396,504,321]
3922548854095872000 [14,33,65,117,49,70,429,520,539,112,363,390,84,165,702,392]
63201784464000000 [12,30,64,65,151,96,210,448,132,455,1208,330,768,650,2114]
2651775268615200 [17,46,57,26,147,119,460,684,286,1176,102,598,342,364,2058,414,741,882]
40656153152111616 [6,19,32,119,139,30,76,224,1071,1668,60,228,288,1946,192,714,695]
206025729638400 [2,35,74,36,118,28,420,666,504,472,8,350,148,324,1534,70,888,216,236]
