9440
8951
7207
3350
1199
9166
6850
7557
8683
4502
7981
1974
5906
1064
5943
8036
6091
7059
9183
4706
1131
7056
9592
2471
1834
7831
4110
4669
9109
9433
4323
8200
3189
8714
2070
9807
3997
7160
2190
6590
3566
7853
6916
3525
5545
4651
6012
5734
6605
3634
2234
6087
4153
7410
5135
5084
7280
9598
7386
5521
4439
3322
3094
2356
5042
5747
8940
5653
9400
3390
2061
3418
6375
7350
6007
6135
4673
7021
6353
6109
5122
9960
4100
1585
7953
4647
2517
9861
3464
1300
9366
7354
6756
9183
4706
1131
7056
9592
2471
1834
7831
4110
4669
9109
9433
4323
8200
3189
8714
2070
9807
3997
7160
2190
6590
3566
7853
6916
3525
5545
4651
6012
5734
6605
3634
2234
6087
4153
7410
5135
5084
7280
9598
7386
5521
4439
3322
3094
2356
5042
5747
8940
5653
9400
3390
2061
3418
6375
7350
6007
6135
4673
7021
6353
6109
5122
9960
4100
1585
7953
4647
2517
9861
3464
1300
9366
7354
6756
9183
4706
1131
7056
9592
2471
1834
7831
4110
4669
9109
9433
4323
8200
3189
8714
2070
9807
3997
7160
2190
6590
3566
7853
6916
3525
5545
4651
6012
5734
6605
3634